<?xml version="1.0"?>
<opencv_storage>
<R type_id="opencv-matrix">
  <rows>3</rows>
  <cols>3</cols>
  <dt>d</dt>
  <data>
    9.9996264569943150e-01 8.6433244022147988e-03 1.2209479456795293e-05
    -8.6433243840259976e-03 9.9996264577293870e-01
    -1.5417093886204857e-06 -1.2222348875507135e-05
    1.4361213076395383e-06 9.9999999992427591e-01</data></R>
<T type_id="opencv-matrix">
  <rows>3</rows>
  <cols>1</cols>
  <dt>d</dt>
  <data>
    -2.0231015739119993e+01 1.4790307161539067e+00
    7.2683793000508936e-04</data></T>
<E type_id="opencv-matrix">
  <rows>3</rows>
  <cols>3</cols>
  <dt>d</dt>
  <data>
    -1.1794933406776244e-05 -7.2468671200989320e-04
    1.4790307171624815e+00 4.7954024701318696e-04 3.5336488795009366e-05
    2.0231015746462329e+01 -1.3041122363444360e+00
    -2.0243043767444952e+01 1.3132151761479755e-05</data></E>
<F type_id="opencv-matrix">
  <rows>3</rows>
  <cols>3</cols>
  <dt>d</dt>
  <data>
    -8.9817218236649199e-01 -5.5184156044830395e+01
    1.1262668479821326e+05 3.6516502072403057e+01 2.6908376811986812e+00
    1.5405712722423382e+06 -9.9306820392508627e+04
    -1.5414871938065332e+06 9.9999999999999989e-01</data></F>
</opencv_storage>
