<?xml version="1.0"?>
<opencv_storage>
<CameraMatrix type_id="opencv-matrix">
  <rows>3</rows>
  <cols>3</cols>
  <dt>d</dt>
  <data>
    1.7143253236930532e+03 0. 3.1955976877371563e+02 0.
    1.7157554668510193e+03 2.3916704602181301e+02 0. 0. 1.</data></CameraMatrix>
<DistortionCoefficients type_id="opencv-matrix">
  <rows>5</rows>
  <cols>1</cols>
  <dt>d</dt>
  <data>
    -4.4187106458704123e-01 -4.2820474032789342e+00
    1.3258064408973138e-03 7.1170338302303283e-04 7.2902417795296330e+01</data></DistortionCoefficients>
</opencv_storage>
