<?xml version="1.0"?>
<opencv_storage>
<CameraMatrix type_id="opencv-matrix">
  <rows>3</rows>
  <cols>3</cols>
  <dt>d</dt>
  <data>
    1.1521608841791647e+03 0. 3.1146661164971806e+02 0.
    1.1509607356503334e+03 2.4573987161590858e+02 0. 0. 1.</data></CameraMatrix>
<DistortionCoefficients type_id="opencv-matrix">
  <rows>5</rows>
  <cols>1</cols>
  <dt>d</dt>
  <data>
    -2.6088932650822155e-01 4.5599540524644477e-01
    1.0746783420128745e-03 -1.9844087745982318e-04
    -1.9061684663835288e+00</data></DistortionCoefficients>
</opencv_storage>
